   1         "t+ax"   58  200.562897 589.656860 119.619896
   2         "t+ay"   15   45.631176 361.954010  47.737732
   3        "u-r+f"    4    6.576418  10.349058  15.990907
   4        "u-r+s"    3    9.781584   9.505098   4.868683
   5        "u-r+u"   30   45.540031  54.646584  35.122974
   6        "u-s+i"   43  225.744461 320.871063  87.784019
   7         "t-aw"    2   16.371906   2.000499  40.657150
   8        "u-t+e"   17   79.202782  87.256950  47.359482
   9        "u-t+u"   17  107.510246  54.093246  42.742359
  10        "k-e+t"    7   15.731032  17.027441  85.600006
  11           "sp" 1387  36741.937500
  12        "u-w+a"   20   39.073208  99.024544  78.926613
  13        "u-w+o"    1    1.002197   2.973990   0.999931
  14         "aw+a"    3    2.999785  11.999197  88.690910
  15         "aw+d"    3    3.139077  11.968500  48.274681
  16         "aw-a"    1    1.001734   4.539313  14.753618
  17         "ax-l"    9   17.664320 128.345688 102.777733
  18         "ax-r"   36  382.059479 141.113403 337.713196
  19        "k-i+n"    1    3.178972   2.077882   4.921110
  20        "k-i+p"   12   34.384445  32.582443  35.842606
  21        "u-y+u"    1   15.665837   2.645020   0.999817
  22       "a-t+aw"    2    8.065379  11.096852   6.873421
  23       "a-t+ey"    2   10.897902   5.904001   5.195721
  24         "ay-a"   13   26.344379 104.301781 118.992218
  25         "ay-d"   12   80.529152  26.669331 106.487434
  26       "m-b+ax"    1    0.999904   0.999904   1.000184
  27         "l+ax"    1   12.002864   7.360181   4.100054
  28         "l+ay"   17  109.311134  51.535446  52.245155
  29        "k-o+h"    1    1.034855   1.622920   9.011004
  30        "k-o+m"   17   29.581326  25.945349  57.093319
  31        "k-o+p"   15   23.933380  29.646883 123.695808
  32        "k-p+i"    1    0.999998   1.000715  15.777941
  33        "a-a+f"    1    4.018621  11.007847   3.012759
  34        "a-b+s"    2    1.999812   1.999812   1.999812
  35        "a-c+a"   21   72.125427 102.599373  56.780586
  36        "k-s+i"    1    2.021762   9.037562   1.939778
  37        "k-s+p"    1    1.961701   6.414095   2.939334
  38        "a-d+a"    1    3.343536   2.004101   1.000150
  39        "k-t+i"   27   54.475594 129.497849  68.635681
  40        "k-t+o"   12   16.795237  56.160915  37.188572
  41        "a-e+r"    1    0.999921   1.791225  13.483763
  42        "k-u+l"   39   72.515259  55.618252 200.092484
  43        "k-u+r"    3    6.000607   6.729361  11.368196
  44        "k-u+w"    1    2.066676   1.008265  18.020733
  45       "a-l+ay"    3    3.996029   9.428411   7.530909
  46        "n-a+j"    1    2.470430   3.105032   6.539003
  47        "n-a+l"   40  130.996567 266.116730  86.669250
  48        "n-a+s"    1    3.998682   9.989876   1.990452
  49        "a-g+a"    1    3.397388   2.692737   1.001678
  50        "a-g+i"    1    1.005127   1.098541   5.280358
  51       "c-ax+p"    1    0.999864   1.002921   5.006921
  52       "c-ax+r"    1    0.999945   1.001266   2.006846
  53       "e-t+ax"   12   63.899971  64.002274  21.577072
  54        "a-h+a"    3    3.035630   2.999933   3.012688
  55        "n-c+a"    1    0.999978   3.866609   3.885567
  56       "y-a+ng"    1    0.999966   3.853496   1.045598
  57       "r-f+ey"    4   13.201885  26.712132   7.999734
  58        "n-d+a"    8   11.500463  21.115759  14.563715
  59        "a-j+a"    1    1.009835   0.999992   4.980865
  60        "a-j+i"    1    1.001164   0.999827   3.897900
  61         "d+ax"    1    2.145451   3.737466   2.104060
  62        "n-e+t"    1    1.000042   3.115972   8.906838
  63        "a-k+a"   31  174.119614  87.993050  70.803940
  64        "a-k+i"    1    2.612032   3.021966   1.352236
  65        "a-k+p"    2    3.382600   2.000696   1.999883
  66        "a-k+s"    1    1.019678   1.104469   0.999851
  67        "a-k+t"   26  111.438736  43.685390  36.370300
  68        "n-f+o"   20   64.671410 125.024193  35.539078
  69        "a-l+a"   28   46.604610  68.824280  55.032631
  70        "a-l+k"   41   49.990685 113.586731 148.659973
  71        "a-l+o"   13   36.982292 230.912018  65.733559
  72         "d-ax"   25  113.349960  33.298775  64.185349
  73       "f-ey+i"    2    7.928748  24.851137   2.000496
  74        "a-m+a"    4   14.808262  15.933027   7.007192
  75        "a-m+p"   20   81.024307 111.356430  41.015495
  76        "a-n+a"   16   32.713131  40.347210  53.710793
  77        "a-n+e"    1    3.348897   4.611404   0.999894
  78        "a-n+t"    2    9.325079  13.325009   3.542393
  79        "a-n+u"    1    2.983437   2.701164   0.999960
  80        "n-j+u"   12   17.525196  15.345510  48.060898
  81        "a-p+a"   56  162.865005 137.774368 394.448608
  82        "a-p+r"    2    6.001830   5.157807  16.439423
  83        "a-p+t"    1    3.811099   2.046784   1.007496
  84        "a-p+u"   21   61.119026  50.112514 145.656067
  85        "n-k+a"   29   58.121269  73.147682  67.924423
  86        "a-r+a"    1    1.034872   1.000794   0.999829
  87        "a-r+i"   37   55.563236  60.084354  62.222092
  88        "a-r+j"   12   29.489056  28.864662  41.211906
  89        "a-r+t"    9   22.446085  18.281208  13.109954
  90       "a-d+ax"    2    8.795135   2.123415   2.206434
  91       "aw-a+l"    3    7.302105  24.241552   9.846761
  92       "aw-a+n"    1    1.004647   7.435334   1.035213
  93        "a-s+a"    3    9.999415  26.997362   5.001018
  94        "a-s+e"   22   76.712402 193.731018  46.620476
  95        "a-s+i"    1    4.007314   6.004653   1.999145
  96      "m-ax+ng"    7   15.336332   9.177664  35.998882
  97         "u-ng"    1    1.178075   4.116475   8.360124
  98        "a-t+a"    4   18.775703  18.000193   9.533801
  99        "a-t+e"    1    4.681283   0.999943   2.005730
 100        "a-t+i"   30  109.998627 121.984627  70.348320
 101        "a-t+o"    1    5.971941   2.821015   2.204590
 102        "a-t+u"    7   35.686928  17.298744  18.020433
 103        "a-t+w"    1    6.201168   6.967607   2.002012
 104        "n-o+f"    1    7.548588   3.558726   4.895315
 105       "aw-d+i"    3   14.614065   5.050379   3.949416
 106       "g-ay+m"   14   36.558350  50.606602  76.381775
 107        "d-a+e"    1    1.518408  11.091032   1.053843
 108        "d-a+h"    8    9.320977  55.500687  44.798180
 109        "d-a+m"    1    1.003482   7.639051   1.266844
 110        "d-a+p"    1    2.583815   3.020018   2.133894
 111        "n-s+t"    1    5.720410   8.470833   1.328454
 112        "n-t+i"    1    1.008088   1.000292   2.950928
 113        "n-t+u"   33   65.603409  94.610748  75.291946
 114        "d-e+y"    1    1.224193   0.999810   1.002102
 115        "n-u+s"    1    1.000016   4.116397   1.103081
 116         "m+ax"    7   11.724889  11.277541  94.464775
 117         "m+ey"    1    0.999932   0.999932   1.053547
 118        "d-i+y"   41  148.997498 211.866653  97.853149
 119         "m-ax"    2    2.003775   1.999713   1.999712
 120         "m-ey"    1    9.997376  12.435060  17.562904
 121       "ny-a+k"    3   18.999615  27.997425  14.000234
 122       "ny-a+l"   25   29.491596  35.692448  35.081619
 123       "ny-a+m"    2    1.999933   2.957308   2.017436
 124       "ny-a+p"    2   15.694269  16.567038   4.498683
 125       "ny-a+t"    1    0.999988   1.542358   2.001811
 126       "k-ax+n"   40   41.441910  40.508610  61.000393
 127       "k-ax+t"    1    0.999970   1.000170   3.111753
 128       "k-ay+k"    1    1.942232   1.180237  12.812363
 129        "d-u+p"   73  245.685440 230.137680 207.498886
 130       "o-t+ey"    2   11.630184   8.765826   6.604535
 131        "g-a+l"    1    3.087944   7.132462   1.000434
 132        "g-a+n"    1    3.112088   6.806384   1.027542
 133        "g-a+r"   13   29.145386 118.306290  27.846268
 134      "aw-s+ax"    8   35.668041  54.242939  12.675036
 135       "i-d+ay"   13   30.786953  43.473625  25.896042
 136       "b-i+ng"    1    4.176744   3.125759   5.662021
 137        "t-a+h"    1    2.864138   4.998194   3.730933
 138        "t-a+l"    1    3.008364   9.284122   1.001198
 139        "t-a+n"   16   47.988537  86.279083  43.159691
 140        "t-a+t"    7   24.822338  68.459488  19.028427
 141        "g-i+y"    1    1.530091   8.461393   1.000048
 142        "t-e+r"   18   41.084946  47.111172 109.450241
 143       "ny-u+m"    1    1.941980  13.001881   5.359538
 144        "t-i+f"   35  100.951797 137.312408 103.707703
 145        "t-i+k"   38  105.333252 129.462341 218.822647
 146        "t-i+m"   12   35.237282  26.855841  25.638395
 147        "t-i+r"    1    3.001362   4.819050   2.810089
 148        "t-i+s"    1    2.448889   4.756158   3.842657
 149         "n+ay"   36  103.161919  46.546654  73.820885
 150       "t-ey+i"    6   21.121172  48.198151  16.455490
 151       "s-ax+r"    8    8.007421   8.363081  16.888014
 152        "t-o+p"   10   22.335768  31.044893  70.288368
 153        "t-o+r"   14   25.074890  26.473391  90.483841
 154        "t-o+t"    1    2.245699   1.780232   7.850960
 155        "g-u+r"    1    1.043992   1.545944   8.695818
 156       "i-m+ey"    5    8.301125  22.499119  11.502056
 157        "j-a+m"   68  448.531372 742.341187 271.410889
 158        "j-a+t"    1    4.966286   5.076646   2.741091
 159       "b-r+aw"    8   11.000930  28.922760  21.055624
 160       "o-d+ax"   25  153.194733 221.057907 443.939331
 161        "t-s+e"    9   19.047695  69.243446  18.806643
 162       "s-l+ay"   12   42.444427  34.767658  19.074198
 163        "j-e+k"    1    2.010574   1.958742   6.958950
 164        "t-u+n"   12   25.668102  31.538383  40.491943
 165        "t-u+p"   17   43.881371  96.338928  73.570976
 166        "t-u+r"   30   72.465660 122.523994 117.839310
 167        "t-u+s"    7   17.738152  31.443409  29.288458
 168        "t-u+t"   17   42.178185 112.633896  43.404430
 169        "w-a+c"   20   36.338547  34.881603 103.135475
 170        "w-a+h"    1    0.999743   1.239437   4.011037
 171        "w-a+l"    3    5.196113   3.001637   3.000193
 172        "w-a+r"    1    0.999804   4.572219   1.004126
 173        "t-w+a"    1    8.758451   5.232031   5.009634
 174        "j-i+n"    1    3.648135   4.036391   2.115977
 175         "f-ey"    4   17.913448  40.319878  57.029713
 176        "w-i+b"    1    3.000144   6.270122   5.729716
 177        "w-i+s"    3   11.618771  12.984261   7.011806
 178       "a-f+ey"    2    5.960588  11.819047   4.131159
 179     "ax-ng+ax"    1    3.553686  12.399693   1.004617
 180       "e-n+ax"   18   59.897072  34.786007  19.376293
 181      "ax-ng+a"    6   24.283754  37.703918  12.275873
 182      "ax-ng+g"   12   27.357836  49.224113  40.629452
 183      "ax-ng+h"    9   28.212503  22.999540  23.081244
 184      "ax-ng+i"   13   40.857792  40.405060  57.188324
 185        "w-o+t"    1    0.999932   1.000043   1.000570
 186          "a+b"    2   10.448864   4.356978   9.191905
 187          "a+d"    1    5.006639   4.629477   1.339688
 188          "a+g"    1    5.304187  12.308519   6.554055
 189          "a+j"    1    5.014293  11.738016   8.223146
 190          "a+k"   28  140.072266  72.706909 128.699448
 191          "a+l"    1    4.999685   6.330469   4.302451
 192          "a+m"    2    9.992143   9.991288   3.013496
 193          "a+p"   10   61.311024  64.468773  23.389183
 194          "a+s"   22  109.798584 164.331497  81.288940
 195          "a+t"    4   19.950537  29.991463   9.970061
 196          "a-f"    1    3.045417  10.564028   2.387795
 197          "a-h"   11  109.273186 359.258301  24.649702
 198          "a-k"    2   26.704054   2.069308   2.000098
 199          "a-l"    5    9.824771  10.721762  47.108185
 200          "a-m"   68  460.279358 504.059875 378.424713
 201          "a-n"  379  1135.343628 2587.139160 2245.151123
 202          "a-p"    2    4.810268   2.463828   6.460501
 203          "a-r"   19   70.694214  47.265862 171.062988
 204          "a-s"   14   52.169353 178.292572  92.469528
 205          "a-t"   29   84.016342 311.699677  46.257874
 206       "y-ay+a"    1   14.039506  27.794409   1.083612
 207        "j-u+k"   12   39.955284  54.860126  49.677921
 208          "b+a"   20  281.617798  62.313412  79.797394
 209          "b+e"   24  278.804291  73.821548  94.590553
 210          "b+r"    8  146.709335  21.965109  42.000618
 211          "b+u"   15  344.144348  49.281868 122.110435
 212        "m-a+a"    1    5.257867   5.937664   7.041078
 213        "m-a+j"    1    4.035908   6.193603   7.070335
 214        "m-a+l"    1    8.210368   7.014136   1.689382
 215        "m-a+n"   20   77.105370 128.585403  57.054546
 216        "m-a+s"    1    3.047863   3.978852   1.978378
 217        "m-a+t"   58  245.905060 378.325226 154.324265
 218          "c+a"   18  138.233749 102.894463  52.201305
 219          "c+i"    1   12.979904  10.995862   1.006665
 220          "c+u"   20  296.446747 105.133835  53.355515
 221          "c-a"   20   72.984245 189.660065 183.421356
 222        "m-b+i"    2    1.999725   1.999725   2.494798
 223          "d+a"    2    3.527171  17.678852   2.063513
 224          "d+i"    1    1.439185   3.768696   1.974097
 225          "d-a"    1    1.005907   3.264809   9.919414
 226       "u-d+aw"    1    4.939697   5.061106   1.070670
 227       "s-u+ny"    1    1.999948   6.296264   1.884064
 228          "e+f"    1    3.997579   1.004561   7.156904
 229          "e+k"    1    9.990185   1.004396   7.948558
 230          "e+m"    2    7.939504   3.437187  13.530144
 231          "e+n"   18   69.064003  29.458462 122.457237
 232          "e-k"    1    4.077897   0.999993   0.999900
 233          "e-n"   23   89.689423 147.663330  99.329994
 234          "e-r"   17  141.143997  45.757343 146.323837
 235          "e-t"   18   86.454178 185.022659  47.685944
 236          "f+i"   37  112.524666 401.279480  80.977875
 237          "f+o"    4    6.340096  53.041443  10.069591
 238          "f-i"    8   24.848110 128.288025  73.442085
 239        "m-e+j"   12   65.008949  42.234467 116.393127
 240        "m-e+n"    1    1.061219   2.965075   6.941391
 241        "m-e+t"   12   24.005417  26.173027  67.083580
 242          "g+a"    2   24.506876   5.483844   2.002979
 243          "g-a"    2    4.965459  16.928989  25.507847
 244          "g-i"   18  101.631851 225.660614 180.463058
 245          "g-u"    1    1.007981   2.482930  11.802855
 246          "h+a"   41  272.789246 782.440002 450.245880
 247          "h+e"   55  244.011276 681.749573 533.875488
 248          "h+i"   12   48.826408 105.846725 133.575912
 249          "h-u"   19   42.872768  74.505112 292.609161
 250        "z-a+k"    1    1.301721   9.783944   4.909137
 251          "i+d"    1    4.020730   8.218554   2.952252
 252          "i+m"    6   23.103771  45.522926  20.143824
 253          "i+n"   19   80.974693 187.970062  58.514320
 254          "i+r"    1    4.001384  12.376975   2.160402
 255          "i+s"    1    4.005202  10.687956   2.306898
 256          "i-f"    1    2.002784  15.961597   1.000128
 257          "i-k"   44  282.871063 118.329079 155.618118
 258          "i-l"    3   11.010948   8.825986  46.202045
 259          "i-n"    7   13.871416  46.691883  41.381851
 260          "i-r"    1    2.210920   2.108957   6.245335
 261          "i-s"   16   58.414894 192.454910  91.798561
 262          "i-t"    2    5.668468   3.322363   1.999808
 263          "j+a"   69  332.754700 1158.055298 805.618652
 264          "j-a"   13   91.290779 133.303085 109.855225
 265       "l-a+ng"   28   58.335999 149.340851  68.573761
 266        "m-i+k"    1    3.099285   3.867746   5.993408
 267        "m-i+s"    1    3.179837   2.666488   3.103692
 268        "m-i+t"    1    4.984704   4.749355   3.557176
 269          "k+a"   33  230.851196 101.987114  80.650917
 270          "k+i"   12   55.318092  31.685369  23.419167
 271          "k+o"   17  207.052368  39.260639  32.140278
 272          "k+u"    4   15.484493  12.226349   7.216293
 273          "k-a"   15   33.087814 175.520035 130.108246
 274          "k-i"    1    3.209832   9.489322   8.399541
 275          "l+a"   19  145.138992  69.058434  39.578487
 276          "l+e"   10   58.319466  37.254562  13.602586
 277          "l-i"   20   79.245842 278.505219 159.291550
 278          "l-o"   11   18.078983  13.790983  23.325335
 279        "z-e+b"    3    2.999520   2.999520   3.999396
 280          "m+a"   36  115.309212  68.410744 139.507324
 281          "m+e"   12   22.642334  22.155140  34.327766
 282          "m+i"    1    3.854180   1.795947   0.999907
 283          "m+o"   24   56.624779  31.515347  96.267876
 284          "m+u"   54  117.122581  94.077339 826.804749
 285          "n+o"    1    0.999965   0.999965   1.001513
 286          "n-a"   18   44.367096 120.226875 145.861176
 287          "n-i"   18   57.915905 261.816406 163.557968
 288          "o+b"    1    3.997771   1.144753   8.856267
 289          "o+s"   15   66.154572  37.311584  59.486759
 290          "o+t"    1    4.067921   1.210381   5.738041
 291          "o-k"   26  184.804047  53.687054  62.148712
 292          "o-l"    1    1.003133   0.999826   2.071227
 293          "o-n"   21  106.366158 145.445374  84.640022
 294          "o-p"   25   85.570526  55.674419 140.845551
 295          "o-r"   15   83.411377  48.601627 136.245071
 296          "o-t"    2    7.063105  35.985504   2.005773
 297       "s-m+ax"    2   30.055687   7.949394   2.515800
 298          "p+a"   15   17.371027  23.348488 210.153244
 299          "p+e"    1    0.999906   0.999918   1.033066
 300          "p+i"   42   88.829834  87.829025 650.583740
 301          "p+l"    1    0.999868   0.999868   1.001054
 302          "p+o"    1    0.999908   0.999908   1.000049
 303          "p+r"   14   24.173298  26.671177 173.478760
 304          "p+u"   54   73.638672  87.816734 523.394958
 305          "p-a"   32  148.318375 440.845032 381.000153
 306          "p-o"    1    4.064007   1.411481  21.894943
 307          "p-u"   19   59.744556  82.742798 328.535919
 308        "z-i+n"    1    1.193664   9.018279   3.040193
 309        "z-i+y"    1    1.228559   4.336514   1.000038
 310        "m-o+d"   24  110.641808  98.959587 170.212494
 311        "m-o+r"    1    1.031608   1.675112  13.169621
 312        "m-o+s"    1    1.084819   4.304482   9.765878
 313      "ax-ny+a"    2    2.000008   2.998080  25.933910
 314      "ax-ny+u"    1    0.999977   1.023632  13.024343
 315        "m-p+a"    1    1.000024   1.007658   0.999909
 316        "m-p+i"    1    1.001888   2.026179   1.992143
 317        "m-p+u"   36   56.453884  72.633118  85.605400
 318          "r+i"    1    1.002271   8.485158   1.541567
 319          "r+o"    2    1.999902   3.841933   2.022824
 320          "r+u"    3    2.999689  12.998343   5.992923
 321          "r-a"    3   12.078659  20.245495  30.596312
 322          "r-i"   26   97.080338 314.794678 212.818390
 323        "c-a+n"    1    3.842399   8.326999   1.055645
 324        "c-a+r"   19   57.761360 136.237152  36.878670
 325          "s+e"    1    2.491963   9.996403   1.026217
 326          "s+i"   17   97.028534 134.196289  41.772930
 327          "s+l"   12   82.402870 161.342133  24.724236
 328          "s+t"    7   42.307148  68.422737  20.159845
 329          "s+u"   24  150.646133 274.691864  47.856022
 330          "s+w"    2    6.350175  20.921566   7.472821
 331          "s-a"    1    4.459025   3.621684  13.910215
 332          "s-e"   22   50.020409  77.233421 391.242218
 333          "s-i"    7   24.819767  82.795296  64.341080
 334          "s-u"    1    2.014249   6.885842   8.398923
 335          "t+a"    3    3.978904  11.999413   6.999697
 336          "t+i"   15   66.661644 134.056580  41.368542
 337          "t+u"   58  142.140930 862.130249 171.390823
 338          "t-a"    3    8.909494  21.653656  32.375431
 339          "t-i"    1    3.031118   8.725584  11.274335
 340          "t-o"    1    2.147159   2.105309  16.895824
 341          "t-u"   43   98.947891 228.101517 631.646301
 342          "u+l"   28  125.548470  62.796833  68.427055
 343          "sil"  310  5850.180664 36741.937500 2609.055176
 344          "u-l"   39  110.410080 406.539703 388.864929
 345          "u-m"    2    5.335034  20.256435   5.977041
 346          "u-p"   17   57.012295  45.247070 196.366852
 347          "u-r"    2    2.013706   6.751414  18.059330
 348          "u-s"   30  152.472260 374.855560 227.533203
 349        "z-o+d"    1    0.999946   1.053558   8.236833
 350        "z-o+n"    2    2.000269   2.398242  27.358755
 351        "m-u+l"   13   54.592747  41.878811  24.914577
 352        "m-u+r"    1   10.565399  13.374758   2.225204
 353        "m-u+s"   42  161.377106 219.854477 263.952698
 354          "w+a"    2   23.973230   7.109584  14.088377
 355          "w+i"    4   17.470531   4.574792   4.391327
 356          "w-a"   17   34.367653  53.721272 133.600540
 357        "p-a+c"    1    5.002562   4.948565   4.176610
 358        "p-a+k"    3   11.084389  14.017608  14.578025
 359        "p-a+n"   24  121.618256 263.567322  65.361313
 360        "p-a+p"   12   57.626892  60.826950  29.194735
 361        "p-a+s"   12   58.603485 143.666931  44.277142
 362        "p-a+t"    1    4.898456   6.054645   2.052355
 363          "y+a"    3   33.079178  11.287292   3.607006
 364          "y+o"    2   20.944099   6.059028  15.394911
 365          "y+u"    1   15.107086   2.965116   0.999897
 366          "y-a"    5    5.550986  17.106306  54.076237
 367          "y-o"   39  115.650940  97.966957 245.412781
 368          "y-u"    1    0.999827   4.316065   9.898666
 369          "z+a"    1   16.059223   3.938150   1.004501
 370          "z+e"    3   56.212990  12.997948  39.993622
 371          "z+i"    2   41.997246   4.683572   1.999703
 372          "z+o"    3   58.219494   9.741438   6.672086
 373        "c-i+y"    1    2.998209   9.826682   0.999984
 374       "a-g+ay"   14   57.256279  82.826408 127.841606
 375        "p-e+n"   15   53.777561  48.458721 162.835358
 376        "p-e+r"    1    3.000116   1.457499   9.596440
 377      "p-ax+ng"   34   68.400902  43.725758  56.976521
 378       "r-a+ng"   58  180.378494 235.028427 162.908249
 379        "p-i+l"    1    4.001825   7.693280   3.310449
 380        "p-i+m"    1    4.107951   6.394434   2.574483
 381        "p-i+n"   41  186.424744 190.728745 110.760300
 382        "p-i+y"    1    4.326710   2.570648   1.000536
 383        "p-k+a"   73  243.620697 193.585312 198.451859
 384         "ey-l"    5    8.999312  11.893684  77.295784
 385        "p-l+a"    1    4.834451   1.188839   1.223157
 386         "ng-i"   28  103.113312 372.909882 345.912872
 387       "ay-a+n"    2    3.744673  13.551921   3.390490
 388       "ay-a+r"   17  113.048927 133.047379  49.212780
 389       "ay-a+s"    1    1.013922   7.051968   2.012332
 390        "p-o+l"    1    3.015688   1.009552   5.595909
 391       "t-a+ny"    3    8.007813  35.995922   3.994161
 392        "c-u+w"   20   48.670654  54.224270  74.683029
 393         "p+ax"   82  133.919891 127.464073 871.229675
 394         "p-aw"    1    0.999933   3.998099  26.957754
 395        "p-r+i"    2    1.999899  10.723597   2.820992
 396        "p-r+o"   14   28.685562  14.335283  17.667858
 397       "a-ng+i"   28   90.853874  95.430801 128.685394
 398       "a-ng+k"   58  179.758163 295.457336 250.272858
 399        "p-t+o"   11   23.700975  68.288582  26.731472
 400        "f-e+k"    1    2.135321   1.209821   5.845356
 401        "f-e+m"    1    2.656344   2.366017   5.427754
 402       "ay-i+k"   36  123.883820 150.368958 194.095810
 403        "p-u+k"   39  131.282791  92.245590 267.047699
 404        "p-u+l"   15   55.881222  33.229168  52.015041
 405        "p-u+s"   21   76.719162  59.921341 175.769180
 406        "p-u+t"   17   49.573280  33.254642  56.606281
 407        "s-a+l"    1    2.998911   6.484891   1.000531
 408        "s-a+n"    1    3.984285   7.936152   5.005074
 409        "s-a+t"    1    3.000174   7.985316   2.013278
 410       "ay-k+a"    2   12.969838   6.333671   3.692838
 411        "f-i+d"   36  103.841881 151.632370  78.467873
 412        "f-i+g"    1    2.543031   9.533343   7.656324
 413       "ay-m+a"   14   58.392757  26.847052  18.720886
 414       "b-aw+a"    1    0.999996   4.002771  28.268175
 415        "s-e+l"    1    2.976159   2.195301   8.393185
 416        "s-e+n"    9   18.016417  26.992008  91.760437
 417        "s-e+t"   10   26.051607  32.262131  75.953384
 418        "f-k+a"   26  125.454514  68.547600  50.584579
 419       "r-j+ax"   12   17.628941  16.078573  33.025928
 420       "b-ax+l"   29   44.535938  30.293278  37.238106
 421       "b-ax+r"   19   32.018093  25.448835  41.571613
 422         "h+ay"   11   52.888351 212.487289 148.790344
 423      "ax-z+ax"    1    7.630528   4.377982  10.987358
 424         "h-ay"   12   46.851089  48.914429 361.425415
 425         "ny+a"   28  311.109741 113.312080  70.449142
 426         "ny-i"    1    2.992646  16.091814   8.908582
 427        "s-i+d"   13   37.250473  36.937080  27.280596
 428        "s-i+k"   41  134.338852 347.020111 220.430130
 429        "s-i+l"   15   41.997952  29.242962  35.458698
 430        "s-i+s"   17   53.753155  47.457912  36.756538
 431        "s-i+y"    2    6.972727   4.877692   2.000412
 432        "f-o+l"    3    5.999482   4.320530  38.587837
 433        "f-o+n"   20   45.751114  58.204967 244.981049
 434        "f-o+t"    1    2.627866   1.162144  11.094222
 435       "ay-t+a"   15  103.730934  54.459999  46.584564
 436        "s-k+o"   15   46.735405  32.586880  32.068493
 437       "d-aw+a"    1    6.886433   1.000078  15.595008
 438       "d-ax+m"    2    2.024271   2.029799   5.455956
 439       "d-ax+r"    3    2.999714   2.999714   9.966402
 440       "d-ax+t"    1    1.039592   1.881238   7.128424
 441         "y+ay"    1    1.999870   0.999932   0.999932
 442       "ey-i+n"    4   12.048962  27.802000  11.592705
 443       "ey-i+s"    4    6.940355  23.817951  13.636975
 444       "d-ay+a"   13   26.287447 268.395996  41.209053
 445       "a-h+ay"    1    1.002774   0.999763   1.153321
 446        "s-o+k"   24   57.112514 132.350800 182.090210
 447        "s-p+o"    1    1.001686   2.177097   3.458128
 448       "a-ny+a"    3    2.999871   2.999871  26.998772
 449        "i-d+e"    1    1.466057   3.980763   0.999963
 450        "i-d+i"   36   54.874966  48.626976  59.444553
 451        "i-d+u"   12   20.764397  12.166657  16.743605
 452        "s-t+a"    8   11.831991  10.126673  21.601732
 453        "s-t+u"    2    1.999989   2.000557   5.490778
 454        "s-u+d"    2    4.008060  11.444461   3.493976
 455        "s-u+h"   19   56.610134 193.067398 192.033157
 456        "s-u+r"    4    8.617319  22.627316  11.534836
 457        "i-f+i"    8   27.764473  54.226917  17.144176
 458        "i-f+k"   26   71.428024 103.270851  53.031822
 459        "i-g+u"    1    7.234502   1.001551   0.999860
 460        "s-w+a"   19  108.873749  96.454971  67.307159
 461       "i-ng+g"    1    1.000189   3.591257   1.823137
 462       "i-ng+i"    1    1.005313   5.220906   1.473159
 463        "i-k+a"   65  380.027100 222.416306 171.666550
 464        "i-k+e"    7   31.369314  19.574121  11.327775
 465        "i-l+o"   15   51.265537  41.938885  24.391462
 466        "i-m+a"    1    3.669998   2.354887   0.999846
 467        "i-m+b"    1    2.055489   5.017633   0.999856
 468        "i-m+e"   12   28.362999  31.438204  13.557382
 469        "i-m+p"    1    3.290474   9.717733   0.999904
 470        "i-n+a"    2    1.999681   3.907175   1.999954
 471        "i-n+d"    8   15.326148  68.141647  16.172802
 472        "i-n+i"   18   25.557465  78.002487  26.467041
 473        "i-n+s"    1    1.344903   3.636335   0.999971
 474        "i-n+t"   32   76.620575 225.416077  86.039253
 475        "i-p+a"   12   26.152912  33.801685  92.303658
 476        "i-r+i"    1    0.999988   0.999989   1.000147
 477       "j-ax+m"    1    1.032401   1.860288   2.121248
 478       "j-ax+r"   12   16.805605  15.975464  52.256607
 479        "i-s+a"    1    3.011130   6.985234   2.000217
 480        "i-s+e"    1    4.065402   8.919073   1.014835
 481        "i-s+i"   13   40.780334  68.302284  31.450682
 482        "i-s+m"    2    5.983968  12.012052   9.002961
 483        "i-s+u"    3   11.987144  19.280313   9.716784
 484        "i-s+w"   17   56.175419  88.680809  73.084641
 485       "r-k+ax"   40  110.113235  69.572670  44.477070
 486       "k-p+aw"    1    0.999933   1.000232   7.151114
 487        "l-a+h"    1    0.999916   2.852949   4.074392
 488        "l-a+k"   26   48.899818 136.608917 122.779556
 489        "l-a+m"   19   43.804424 118.375229  57.704948
 490        "l-a+n"    1    1.007952  10.743524   1.015539
 491        "l-a+s"    1    1.000003   7.898511   2.066697
 492        "l-a+t"    1    1.000745   6.620992   2.129244
 493         "i+ng"    1    3.873905  12.511541   3.147000
 494       "ng-a+p"    6   21.719255  37.796074  14.778710
 495       "m-ey+l"    5   26.688200  41.245144   8.042030
 496         "i-ng"    1    0.999977   0.999870   5.085797
 497        "i-y+a"    5   32.642998  22.281805   8.031600
 498        "i-y+o"   41  140.964722 229.414352 347.541779
 499        "i-y+u"    2   12.521719   7.064420   2.013851
 500       "l-ax+n"    1    0.999869   0.999869   1.000037
 501       "n-t+ax"    1    2.224824   0.999846   0.999851
 502       "n-t+ey"    2    2.000250   2.010679   4.863136
 503       "l-ay+a"   19   54.573570 223.277649 134.274139
 504       "l-ay+d"   12   14.458494  35.515240 249.917328
 505       "l-ay+k"    1    1.000199   1.002648  10.024960
 506        "l-e+p"   10   14.610442  27.663065  57.285950
 507        "y-a+k"    2    2.000048   7.380622  14.069356
 508        "y-a+l"    1    1.001160  12.276579   1.001547
 509       "ng-g+a"   12   23.933613  18.226267  13.962214
 510       "ng-g+u"    1    4.137902   1.000483   0.999907
 511       "ng-h+a"    9   18.847828  10.598011  18.446573
 512       "ng-i+n"    1    1.647150  12.114150   2.877698
 513       "ng-i+s"   13   26.711432  35.403408  31.101065
 514        "y-e+k"   12   13.248366  30.675463 123.965347
 515       "n-ax+r"   18   18.075573  18.524574  31.763206
 516        "l-k+a"   40  124.182320 100.027519  94.909470
 517        "l-k+o"    1    1.362418   2.624812   2.011706
 518       "n-ay+i"   36  260.248047 153.576630 186.145386
 519       "ng-k+a"   58  151.515915 124.321091 117.831177
 520        "l-o+k"    2    1.999858   2.028710  10.550888
 521        "l-o+s"   15   19.704685  28.137144  45.928005
 522         "a-ng"    1   14.118581   2.015335   6.980554
 523        "l-p+e"   15   54.107426  39.667046 113.900116
 524        "b-a+g"   14   64.546669  63.285114  40.891212
 525        "b-a+h"    2   10.052301  11.757083   9.155816
 526        "b-a+k"    2    8.946548   8.090013   9.628293
 527        "b-a+l"    2   10.034104  19.006485   2.037225
 528       "p-ax+m"    1    1.875735   1.125380   2.996125
 529       "p-ax+r"   47  167.171661  62.326607  80.507271
 530      "t-ax+ng"    1    1.002002   1.615618   2.005334
 531        "l-s+i"    1    4.166462   6.821771   1.043561
 532         "r+ax"   65   98.793671 132.831635 158.884964
 533        "l-t+i"   12   60.381355  33.226688  28.952101
 534        "y-o+d"    1    0.999932   1.001481   1.017207
 535        "y-o+g"    2    1.999996   2.002470   7.150248
 536        "y-o+n"    1    0.999857   1.015364   5.732395
 537        "b-e+s"   24   73.040787  43.328995 186.792328
 538        "l-u+s"    1    0.999899   8.249088   5.317738
 539       "l-d+ax"    3    7.206059   4.905404   2.999714
 540        "o-b+j"    1    0.999908   0.999908   0.999908
 541        "o-b+o"    1    0.999962   0.999962   1.595090
 542       "r-aw+s"    8   68.139275  26.475473  23.830437
 543        "b-i+m"    1    2.969063   3.235056   3.227654
 544       "r-ax+d"   61  153.219269  93.451401 254.818985
 545       "r-ax+n"    1    1.044406   1.019748  12.121408
 546       "r-ax+s"    2    2.098907   2.035676  33.173180
 547       "r-ax+z"    1    1.003019   1.043811  21.872086
 548        "o-d+i"    1    5.536655   1.000331   1.000422
 549        "b-j+e"    1    0.999907   0.999904   9.991570
 550        "y-u+m"    1    0.999880   2.637389   7.084859
 551        "y-u+s"    1    0.999986   2.195778   4.385502
 552        "y-u+y"    1    0.999874   4.443691   1.170502
 553        "o-f+e"    1    4.046936   4.586927   1.697230
 554        "o-g+a"    2   19.224867   4.598697   2.015755
 555        "o-h+o"    1    1.427867   0.999916   1.349282
 556        "ax-ng"    1    4.478157  14.914855   6.606894
 557        "b-o+t"    1    3.010005   1.574600   9.823397
 558       "t-ax+r"   70  156.207138  79.150063 119.869347
 559       "t-ay+t"   15   36.973698  41.594757 159.082153
 560        "o-l+d"    3    6.061616   6.016942   5.895112
 561        "o-l+u"    1    0.999984   5.229838   4.595332
 562        "b-r+a"    3    3.999263  18.060070   4.936320
 563        "o-m+a"    1    4.628104   1.607330   0.999940
 564        "o-m+p"   17   68.900879  45.380981  22.500618
 565        "b-s+e"    2    7.144166  20.236244   2.617153
 566        "o-n+a"    2    4.898541   7.807872   1.999885
 567        "b-u+k"   15   50.142319  73.415894 143.426254
 568       "ax-d+u"   61  297.896393 128.433624 181.410385
 569        "e-b+r"    3    2.999520   2.999520   4.999124
 570       "a-j+ax"    1    1.001431   0.999995   3.981055
 571        "o-s+i"   16   73.301109  86.900833  33.138145
 572        "o-s+k"   15   58.154934  53.021358  53.101006
 573      "s-ax+ny"    3    2.999889   2.999889   8.963450
 574        "o-t+a"    1    4.278159   5.605839   2.114959
 575        "o-t+o"    2    9.836540  12.139848   4.916859
 576        "e-f+e"    1    6.828323   4.025538   1.829761
 577        "r-a+h"    2    4.716249   3.167421  12.239711
 578        "r-a+p"   18   92.182625 119.327324  49.155743
 579        "r-a+s"    1    1.136729   9.846235   1.974118
 580         "b+ax"   38  839.289673 120.208412 193.226471
 581       "ax-k+i"    1    4.003018   3.942589   1.961950
 582       "ax-l+i"   20   31.378378 132.900772 161.135590
 583       "ax-m+b"    1   13.462358   1.534839   0.999868
 584       "ax-m+e"    1    6.721107   1.284342   0.999985
 585       "ax-m+i"    2   15.772673   4.557920   1.999956
 586        "o-y+e"   12   42.956230  13.107042  13.624946
 587        "e-j+a"   12   34.761196  23.609186  75.199577
 588       "ax-n+a"   40  114.170929  94.007439  54.865410
 589       "ax-n+c"    1    5.671912   8.015193   3.106694
 590       "ax-n+t"    1    1.014730   7.186526   4.147733
 591        "e-k+s"    1    2.014638   2.079636   0.999968
 592        "e-k+t"   13   41.586086  20.361948  19.311094
 593       "u-ny+i"    1    1.822263   0.999972   7.004232
 594        "e-l+s"    1    1.018090   3.910139   3.484863
 595       "ax-p+a"    1    4.060154   2.946981   7.970212
 596       "r-u+ng"    1    1.577566   2.500911   8.367450
 597        "r-g+i"   18   53.522892  32.214291  84.519409
 598        "e-m+a"   26  127.724419 105.192093  41.754753
 599        "e-m+b"    1    5.032565   1.170500   0.999904
 600        "e-m+o"    1    5.207567   1.500453   0.999967
 601        "e-m+u"    1    6.277671   2.750937   0.999999
 602       "m-i+ng"    1    3.367560   5.020738   4.448692
 603         "s+ax"    3   11.034372  36.997246   2.999889
 604        "e-n+f"   20   70.963234  87.331146  45.362976
 605        "e-n+t"    2    6.560942  20.822893   4.757804
 606       "ax-r+a"   77  330.361115 123.850891 110.746262
 607       "ax-r+g"   18  127.853340  56.263706  37.736904
 608       "ax-r+k"   40  168.280746  81.915428 108.033836
 609       "ax-r+s"    7   27.434910  20.520187  17.976000
 610       "ax-r+t"    1    3.063834   2.468687   1.154575
 611       "a-b+ax"    9   12.273427  19.904598  18.915600
 612        "r-i+l"    2    7.404740  13.132401   4.869239
 613        "r-i+s"   13   37.785671  96.150963  35.265404
 614        "r-i+t"    1    1.473602   6.984744   3.011957
 615        "r-i+y"    1    2.925838   9.282800   1.000009
 616       "ax-s+t"    2   11.941229  18.283173   4.720616
 617       "z-ax+k"    1    1.000081   0.999983   0.999983
 618        "e-p+t"   10   34.035828  24.665596  18.632483
 619       "ax-t+i"    2   13.149669  15.021861   4.526382
 620      "ng-ax+r"    1    0.999940   0.999947   1.075429
 621        "e-r+a"    1    2.844015   1.442886   1.003102
 622        "e-r+i"    2    2.741111   3.609213   4.278144
 623        "e-s+o"   24  115.760857 168.337250  47.550449
 624        "e-t+s"    9   44.649117  18.930239  18.386250
 625        "r-o+b"    1    2.175116   5.141228  15.842528
 626        "r-o+m"    1    3.985141   7.177408   7.459191
 627        "r-o+t"    2    8.136670   5.443535  12.639104
 628        "r-o+y"   12   34.064575  20.462734  24.898569
 629        "h-a+g"    1    5.605791   8.595158   1.393509
 630        "h-a+l"   11   39.323219  81.249176  21.104027
 631        "h-a+p"   21   67.290291  71.297935  53.574181
 632        "h-a+r"   19   79.118240 198.737427  36.167377
 633        "h-a+s"    1    4.386390   5.617084   1.996340
 634        "r-s+e"    7   23.461185  71.559883  13.998158
 635        "r-s+i"    3   10.960311  20.935387   8.847161
 636        "e-y+a"    1    3.926366   4.936621   0.999849
 637        "r-t+i"    1    3.323555  10.780030   2.195942
 638        "r-t+u"    9   31.895189  61.946552  20.872002
 639         "k+ax"    1   14.999680   2.778185   1.009459
 640        "h-e+m"   26   82.805801  68.344872 153.447403
 641        "h-e+n"   20   62.690151  57.611488  71.485374
 642        "h-e+t"    9   26.781929  22.847134  30.588568
 643        "r-u+m"    3    6.006054   8.967294  44.859116
 644        "r-u+n"   29   54.796780 103.174797 194.489090
 645         "k-ay"    1    1.201035   1.011454  15.846455
 646        "h-i+d"   12   45.153358  64.283264  30.168287
 647        "u-d+a"    1    4.267513   7.785769   7.807615
 648       "a-k+ay"    2    8.717196   5.087446   4.175898
 649        "u-h+u"   19   57.282578  73.652733  21.085497
 650        "h-o+l"    1    4.234791   1.271809  14.990291
 651         "c+ax"    2   18.994040  10.036130   2.010528
 652        "u-k+a"   27  127.920692  78.359421  72.561569
 653        "u-k+u"   39  298.007629  87.279922  85.729713
 654        "u-l+a"   29   96.230591 118.846916  61.304367
 655        "u-l+p"   15   31.588688  44.162201  33.775818
 656        "u-l+t"   12   34.915306  42.807217  40.304520
 657        "u-m+i"    1    4.646488   2.239394   0.999825
 658        "u-m+o"    1    0.999912   1.000439   0.999860
 659        "u-m+u"    1    1.000339   1.000612   0.999895
 660        "u-n+j"   12   23.482933  36.466984  25.950947
 661        "u-n+k"   29   66.869629 148.862854  88.016853
 662       "i-b+aw"    1    0.999999   0.999999   0.999999
 663        "u-p+k"   73  224.148071 201.347809 394.095825
 664        "k-a+b"    9   18.789045  46.254955  52.262520
 665        "k-a+d"    2    3.259476  11.256208   2.390962
 666        "k-a+f"    2    4.645514  13.309295   5.998561
 667        "k-a+n"  332  757.466125 2880.813477 929.684692
 668        "k-a+p"   12   29.963615  84.544563  28.624294
 669        "k-a+r"    9   20.593124  39.207664  16.656307
 670        "k-a+t"    3    5.999393  20.986719   8.006341
